%Loading Case (lbs)	F0 (lbf)	F1 (lbf)	F2 (lbf)	F3D (lbf)	LVDT (in)	%10/7/20193:07 PM
0.000	0.005	-0.022	-0.059	-111.236	0.000
0.000	-0.011	-0.021	-0.063	-111.330	0.000
0.000	-0.011	-0.001	-0.053	-110.939	0.000
0.000	0.000	-0.034	-0.060	-111.411	0.000
0.000	-0.010	-0.006	-0.057	-110.962	0.000
0.000	-0.008	-0.006	-0.060	-111.106	0.000
0.000	-0.005	-0.026	-0.060	-111.180	0.000
0.000	0.008	-0.014	-0.055	-111.157	0.000
0.000	0.003	-0.021	-0.050	-111.357	0.000
0.000	0.015	-0.018	-0.049	-111.209	0.000
10.000	2.607	2.798	5.033	-93.412	0.011
10.000	2.616	2.770	5.033	-93.649	0.011
10.000	2.618	2.789	5.039	-93.377	0.011
10.000	2.613	2.772	5.032	-93.726	0.011
10.000	2.608	2.792	5.034	-93.382	0.011
10.000	2.609	2.760	5.029	-93.777	0.011
10.000	2.618	2.789	5.041	-93.424	0.011
10.000	2.621	2.781	5.036	-93.516	0.011
10.000	2.614	2.774	5.035	-93.681	0.011
10.000	2.610	2.787	5.032	-93.529	0.011
20.000	4.609	6.080	10.007	-74.452	0.022
20.000	4.607	6.074	10.007	-74.622	0.022
20.000	4.600	6.093	10.010	-74.131	0.022
20.000	4.604	6.092	10.000	-74.206	0.022
20.000	4.591	6.078	10.001	-74.532	0.022
20.000	4.600	6.084	10.003	-74.518	0.023
20.000	4.613	6.062	10.004	-74.463	0.023
20.000	4.614	6.077	10.002	-74.284	0.023
20.000	4.603	6.087	10.014	-74.329	0.023
20.000	4.605	6.074	10.009	-74.353	0.023
30.000	7.371	8.706	15.022	-58.675	0.035
30.000	7.367	8.709	15.020	-58.775	0.035
30.000	7.358	8.716	15.018	-58.614	0.035
30.000	7.358	8.700	15.007	-58.821	0.035
30.000	7.362	8.717	15.022	-58.529	0.035
30.000	7.364	8.711	15.024	-58.568	0.035
30.000	7.361	8.739	15.030	-58.448	0.035
30.000	7.366	8.708	15.019	-58.689	0.035
30.000	7.361	8.717	15.019	-58.574	0.035
30.000	7.353	8.726	15.028	-58.465	0.035
40.000	10.402	11.018	20.024	-40.851	0.047
40.000	10.405	11.008	20.018	-41.278	0.047
40.000	10.404	10.997	20.018	-41.337	0.047
40.000	10.395	11.025	20.020	-40.795	0.047
40.000	10.403	11.006	20.013	-40.828	0.047
40.000	10.400	11.006	20.017	-41.008	0.047
40.000	10.396	11.020	20.013	-40.752	0.047
40.000	10.401	11.025	20.024	-40.719	0.047
40.000	10.410	11.001	20.016	-41.150	0.047
40.000	10.399	11.015	20.021	-40.954	0.047
50.000	11.650	14.962	24.915	-27.082	0.062
50.000	11.631	14.981	24.917	-26.643	0.062
50.000	11.624	14.982	24.916	-26.888	0.062
50.000	11.624	14.976	24.913	-26.756	0.062
50.000	11.637	14.958	24.909	-27.065	0.062
50.000	11.636	14.950	24.914	-27.033	0.062
50.000	11.630	14.960	24.906	-26.950	0.062
50.000	11.619	14.978	24.910	-26.593	0.062
50.000	11.622	14.983	24.912	-26.605	0.062
50.000	11.627	14.972	24.913	-26.790	0.062
40.000	10.388	10.949	19.877	-37.216	0.050
40.000	10.378	10.954	19.877	-36.935	0.050
40.000	10.385	10.930	19.868	-37.313	0.050
40.000	10.386	10.949	19.882	-36.833	0.050
40.000	10.407	10.945	19.882	-37.021	0.050
40.000	10.392	10.959	19.880	-36.805	0.050
40.000	10.393	10.953	19.889	-37.194	0.050
40.000	10.391	10.945	19.883	-36.878	0.050
40.000	10.388	10.919	19.867	-37.433	0.050
40.000	10.385	10.928	19.861	-37.549	0.050
30.000	7.455	8.640	14.927	-55.310	0.038
30.000	7.437	8.649	14.928	-55.207	0.038
30.000	7.432	8.671	14.925	-54.927	0.038
30.000	7.449	8.658	14.938	-55.013	0.038
30.000	7.450	8.660	14.929	-55.205	0.038
30.000	7.456	8.691	14.936	-54.787	0.038
30.000	7.454	8.670	14.938	-55.327	0.038
30.000	7.458	8.658	14.939	-55.101	0.038
30.000	7.454	8.666	14.936	-55.216	0.038
30.000	7.460	8.697	14.940	-54.717	0.038
20.000	4.660	6.207	9.929	-71.100	0.026
20.000	4.658	6.208	9.933	-71.153	0.026
20.000	4.663	6.212	9.927	-70.855	0.026
20.000	4.667	6.199	9.923	-71.169	0.026
20.000	4.660	6.204	9.933	-71.164	0.026
20.000	4.666	6.199	9.933	-71.172	0.026
20.000	4.656	6.225	9.937	-70.641	0.026
20.000	4.660	6.216	9.936	-70.982	0.026
20.000	4.665	6.207	9.929	-71.075	0.026
20.000	4.656	6.219	9.937	-70.793	0.026
10.000	2.687	2.839	4.949	-89.892	0.014
10.000	2.675	2.857	4.953	-89.359	0.014
10.000	2.679	2.869	4.953	-89.287	0.014
10.000	2.675	2.860	4.960	-89.428	0.014
10.000	2.680	2.830	4.950	-89.644	0.014
10.000	2.675	2.866	4.951	-89.475	0.014
10.000	2.674	2.835	4.951	-89.815	0.014
10.000	2.678	2.852	4.947	-89.422	0.014
10.000	2.680	2.837	4.953	-90.063	0.014
10.000	2.681	2.861	4.954	-89.384	0.014
0.000	0.057	0.047	-0.135	-107.044	0.003
0.000	0.052	0.064	-0.135	-106.918	0.003
0.000	0.058	0.033	-0.142	-107.452	0.003
0.000	0.059	0.086	-0.125	-106.878	0.003
0.000	0.059	0.070	-0.140	-107.159	0.003
0.000	0.053	0.095	-0.131	-107.013	0.003
0.000	0.057	0.042	-0.133	-107.489	0.003
0.000	0.055	0.027	-0.136	-107.262	0.003
0.000	0.045	0.034	-0.133	-107.031	0.003
0.000	0.052	0.067	-0.136	-106.954	0.003
